================================================================================
RSM REGRESSION SUMMARY: Lambda_SARSA
================================================================================
                            OLS Regression Results                            
==============================================================================
Dep. Variable:               AlgScore   R-squared:                       0.870
Model:                            OLS   Adj. R-squared:                  0.714
Method:                 Least Squares   F-statistic:                     5.585
Date:                Fri, 29 May 2026   Prob (F-statistic):           1.45e-08
Time:                        02:16:37   Log-Likelihood:                -486.55
No. Observations:                 100   AIC:                             1083.
Df Residuals:                      45   BIC:                             1226.
Df Model:                          54                                         
Covariance Type:            nonrobust                                         
========================================================================================
                           coef    std err          t      P>|t|      [0.025      0.975]
----------------------------------------------------------------------------------------
Intercept             -210.5473     98.632     -2.135      0.038    -409.202     -11.892
alpha_a                413.9824    146.441      2.827      0.007     119.035     708.930
alpha_b               -264.9234    131.884     -2.009      0.051    -530.551       0.704
eps_a                  106.2931    148.403      0.716      0.478    -192.607     405.193
eps_b                  138.7646    173.484      0.800      0.428    -210.651     488.180
qinit                   -8.1311    136.849     -0.059      0.953    -283.759     267.497
lambd_a                -42.0718    122.530     -0.343      0.733    -288.859     204.715
lambd_b               -390.8022    157.567     -2.480      0.017    -708.158     -73.447
n_tilings              379.8809    155.628      2.441      0.019      66.431     693.331
Sintervals            -258.3439    136.029     -1.899      0.064    -532.320      15.632
alpha_a_pow_2           -3.6651     90.881     -0.040      0.968    -186.709     179.379
alpha_a_alpha_b       -145.0696     83.460     -1.738      0.089    -313.167      23.028
alpha_a_eps_a          -26.8757     94.049     -0.286      0.776    -216.300     162.548
alpha_a_eps_b         -150.0333     93.674     -1.602      0.116    -338.703      38.637
alpha_a_qinit         -156.9193     88.052     -1.782      0.081    -334.266      20.428
alpha_a_lambd_a         56.1128     89.042      0.630      0.532    -123.226     235.452
alpha_a_lambd_b         40.8775     90.174      0.453      0.652    -140.742     222.497
alpha_a_n_tilings      105.6010     81.889      1.290      0.204     -59.331     270.533
alpha_a_Sintervals    -256.3433     83.044     -3.087      0.003    -423.603     -89.084
alpha_b_pow_2          230.5707     88.945      2.592      0.013      51.426     409.716
alpha_b_eps_a           18.7265     81.101      0.231      0.818    -144.620     182.073
alpha_b_eps_b          124.4918     98.504      1.264      0.213     -73.904     322.888
alpha_b_qinit         -164.5403     91.433     -1.800      0.079    -348.696      19.615
alpha_b_lambd_a       -105.9070     94.547     -1.120      0.269    -296.335      84.521
alpha_b_lambd_b         69.7042     81.484      0.855      0.397     -94.413     233.822
alpha_b_n_tilings     -257.2283     93.521     -2.750      0.009    -445.589     -68.868
alpha_b_Sintervals     279.9876     79.339      3.529      0.001     120.191     439.784
eps_a_pow_2              5.5721     95.894      0.058      0.954    -187.568     198.712
eps_a_eps_b             43.8444     80.453      0.545      0.588    -118.197     205.886
eps_a_qinit           -150.2842     84.535     -1.778      0.082    -320.546      19.977
eps_a_lambd_a          -56.6652     86.325     -0.656      0.515    -230.533     117.202
eps_a_lambd_b          -62.6481     95.376     -0.657      0.515    -254.746     129.449
eps_a_n_tilings          4.1582     81.418      0.051      0.959    -159.827     168.143
eps_a_Sintervals       -81.0519     84.217     -0.962      0.341    -250.673      88.569
eps_b_pow_2           -257.6594     97.751     -2.636      0.011    -454.540     -60.779
eps_b_qinit             51.9764    101.271      0.513      0.610    -151.993     255.946
eps_b_lambd_a          156.3915     96.269      1.625      0.111     -37.504     350.287
eps_b_lambd_b          103.6772     93.826      1.105      0.275     -85.297     292.652
eps_b_n_tilings        -13.0512    114.772     -0.114      0.910    -244.213     218.111
eps_b_Sintervals       -15.3434     89.327     -0.172      0.864    -195.256     164.570
qinit_pow_2            142.6022     90.934      1.568      0.124     -40.548     325.752
qinit_lambd_a           96.1223     87.079      1.104      0.276     -79.263     271.508
qinit_lambd_b           82.1319     81.578      1.007      0.319     -82.174     246.438
qinit_n_tilings        -85.7845     83.843     -1.023      0.312    -254.653      83.084
qinit_Sintervals       -12.3157     83.929     -0.147      0.884    -181.357     156.725
lambd_a_pow_2           34.3483    102.586      0.335      0.739    -172.271     240.968
lambd_a_lambd_b         66.8122     86.829      0.769      0.446    -108.070     241.695
lambd_a_n_tilings      -44.9372     90.866     -0.495      0.623    -227.951     138.076
lambd_a_Sintervals    -143.3121     81.218     -1.765      0.084    -306.893      20.269
lambd_b_pow_2          143.0213     93.077      1.537      0.131     -44.445     330.488
lambd_b_n_tilings      -75.6641     87.645     -0.863      0.393    -252.190     100.862
lambd_b_Sintervals     147.0492     78.696      1.869      0.068     -11.453     305.551
n_tilings_pow_2       -104.6166     98.980     -1.057      0.296    -303.972      94.739
n_tilings_Sintervals   -95.2999     79.729     -1.195      0.238    -255.882      65.282
Sintervals_pow_2       176.4724     82.895      2.129      0.039       9.513     343.432
==============================================================================
Omnibus:                        1.931   Durbin-Watson:                   1.763
Prob(Omnibus):                  0.381   Jarque-Bera (JB):                1.413
Skew:                          -0.032   Prob(JB):                        0.493
Kurtosis:                       2.421   Cond. No.                         159.
==============================================================================

Notes:
[1] Standard Errors assume that the covariance matrix of the errors is correctly specified.

================================================================================
ANOVA TABLE: Lambda_SARSA
================================================================================
                            sum_sq    df          F    PR(>F)
alpha_a               17500.464213   1.0   7.991694  0.006988
alpha_b                8836.275255   1.0   4.035139  0.050585
eps_a                  1123.398191   1.0   0.513007  0.477541
eps_b                  1401.032776   1.0   0.639790  0.427989
qinit                     7.730814   1.0   0.003530  0.952883
lambd_a                 258.173521   1.0   0.117897  0.732926
lambd_b               13470.871077   1.0   6.151556  0.016937
n_tilings             13047.668860   1.0   5.958298  0.018647
Sintervals             7898.531859   1.0   3.606913  0.063962
alpha_a_pow_2             3.561546   1.0   0.001626  0.968009
alpha_a_alpha_b        6616.137702   1.0   3.021300  0.089017
alpha_a_eps_a           178.822829   1.0   0.081661  0.776371
alpha_a_eps_b          5617.513432   1.0   2.565272  0.116231
alpha_a_qinit          6954.726845   1.0   3.175919  0.081479
alpha_a_lambd_a         869.656493   1.0   0.397134  0.531760
alpha_a_lambd_b         450.004831   1.0   0.205497  0.652498
alpha_a_n_tilings      3641.665022   1.0   1.662989  0.203789
alpha_a_Sintervals    20865.910743   1.0   9.528546  0.003457
alpha_b_pow_2         14715.453025   1.0   6.719902  0.012813
alpha_b_eps_a           116.753196   1.0   0.053316  0.818437
alpha_b_eps_b          3497.748975   1.0   1.597268  0.212799
alpha_b_qinit          7091.690688   1.0   3.238464  0.078635
alpha_b_lambd_a        2747.644643   1.0   1.254729  0.268594
alpha_b_lambd_b        1602.439048   1.0   0.731764  0.396844
alpha_b_n_tilings     16566.526861   1.0   7.565206  0.008541
alpha_b_Sintervals    27271.987964   1.0  12.453920  0.000974
eps_a_pow_2               7.393875   1.0   0.003376  0.953920
eps_a_eps_b             650.357794   1.0   0.296990  0.588467
eps_a_qinit            6920.973975   1.0   3.160505  0.082198
eps_a_lambd_a           943.562745   1.0   0.430884  0.514898
eps_a_lambd_b           944.814259   1.0   0.431455  0.514621
eps_a_n_tilings           5.711704   1.0   0.002608  0.959495
eps_a_Sintervals       2028.338148   1.0   0.926253  0.340982
eps_b_pow_2           15214.586191   1.0   6.947834  0.011474
eps_b_qinit             576.840172   1.0   0.263418  0.610293
eps_b_lambd_a          5779.161987   1.0   2.639090  0.111248
eps_b_lambd_b          2673.829379   1.0   1.221021  0.275034
eps_b_n_tilings          28.316726   1.0   0.012931  0.909970
eps_b_Sintervals         64.608498   1.0   0.029504  0.864391
qinit_pow_2            5385.332386   1.0   2.459245  0.123841
qinit_lambd_a          2668.310337   1.0   1.218500  0.275523
qinit_lambd_b          2219.680336   1.0   1.013631  0.319418
qinit_n_tilings        2292.420189   1.0   1.046848  0.311703
qinit_Sintervals         47.152779   1.0   0.021533  0.883993
lambd_a_pow_2           245.495621   1.0   0.112107  0.739314
lambd_a_lambd_b        1296.561179   1.0   0.592083  0.445635
lambd_a_n_tilings       535.576682   1.0   0.244574  0.623327
lambd_a_Sintervals     6818.249811   1.0   3.113595  0.084428
lambd_b_pow_2          5170.466019   1.0   2.361125  0.131395
lambd_b_n_tilings      1632.070237   1.0   0.745295  0.392548
lambd_b_Sintervals     7645.936841   1.0   3.491564  0.068200
n_tilings_pow_2        2446.342282   1.0   1.117137  0.296177
n_tilings_Sintervals   3128.716921   1.0   1.428748  0.238230
Sintervals_pow_2       9924.464977   1.0   4.532068  0.038773
Residual              98542.422481  45.0        NaN       NaN